[-2.4226497308103743, -2.585786437626905, 1]
[-2.4226497308103743, -1.923044737829953, 1]
[-2.4226497308103743, -1.2603030380330011, 1]
[-2.4226497308103743, -0.5975613382360491, 1]
[-2.4226497308103743, 0.06518036156090301, 1]
[-2.4226497308103743, 0.7279220613578551, 1]
[-2.4226497308103743, 1.3906637611548072, 1]
[-2.4226497308103743, 2.053405460951759, 1]
[-2.4226497308103743, 2.585786437626905, 1]
[-1.4411542731880105, 2.585786437626905, 1]
[-1.4411542731880105, 1.923044737829953, 1]
[-1.4411542731880105, 1.2603030380330011, 1]
[-1.4411542731880105, 0.5975613382360491, 1]
[-1.4411542731880105, -0.06518036156090301, 1]
[-1.4411542731880105, -0.7279220613578551, 1]
[-1.4411542731880105, -1.3906637611548072, 1]
[-1.4411542731880105, -2.053405460951759, 1]
[-1.4411542731880105, -2.585786437626905, 1]
[-0.4596588155656468, -2.585786437626905, 1]
[-0.4596588155656468, -1.923044737829953, 1]
[-0.4596588155656468, -1.2603030380330011, 1]
[-0.4596588155656468, -0.5975613382360491, 1]
[-0.4596588155656468, 0.06518036156090301, 1]
[-0.4596588155656468, 0.7279220613578551, 1]
[-0.4596588155656468, 1.3906637611548072, 1]
[-0.4596588155656468, 2.053405460951759, 1]
[-0.4596588155656468, 2.585786437626905, 1]
[0.5218366420567169, 2.585786437626905, 1]
[0.5218366420567169, 1.923044737829953, 1]
[0.5218366420567169, 1.2603030380330011, 1]
[0.5218366420567169, 0.5975613382360491, 1]
[0.5218366420567169, -0.06518036156090301, 1]
[0.5218366420567169, -0.7279220613578551, 1]
[0.5218366420567169, -1.3906637611548072, 1]
[0.5218366420567169, -2.053405460951759, 1]
[0.5218366420567169, -2.585786437626905, 1]
[1.5033320996790804, -2.585786437626905, 1]
[1.5033320996790804, -1.923044737829953, 1]
[1.5033320996790804, -1.2603030380330011, 1]
[1.5033320996790804, -0.5975613382360491, 1]
[1.5033320996790804, 0.06518036156090301, 1]
[1.5033320996790804, 0.7279220613578551, 1]
[1.5033320996790804, 1.3906637611548072, 1]
[1.5033320996790804, 2.053405460951759, 1]
[1.5033320996790804, 2.585786437626905, 1]
[2.4226497308103743, 2.585786437626905, 1]
[2.4226497308103743, 1.923044737829953, 1]
[2.4226497308103743, 1.2603030380330011, 1]
[2.4226497308103743, 0.5975613382360491, 1]
[2.4226497308103743, -0.06518036156090301, 1]
[2.4226497308103743, -0.7279220613578551, 1]
[2.4226497308103743, -1.3906637611548072, 1]
[2.4226497308103743, -2.053405460951759, 1]
[2.4226497308103743, -2.585786437626905, 1]
[2, -2.4226497308103743, 0.41421356237309503]
[2, -2.4226497308103743, 1.0769552621700471]
[2, -2.4226497308103743, 1.7396969619669993]
[2, -2.4226497308103743, 2.4024386617639513]
[2, -2.4226497308103743, 3.0651803615609032]
[2, -2.4226497308103743, 3.727922061357855]
[2, -2.4226497308103743, 4.390663761154808]
[2, -2.4226497308103743, 4.585786437626905]
[2, -1.4411542731880105, 4.585786437626905]
[2, -1.4411542731880105, 3.923044737829953]
[2, -1.4411542731880105, 3.260303038033001]
[2, -1.4411542731880105, 2.597561338236049]
[2, -1.4411542731880105, 1.9348196384390972]
[2, -1.4411542731880105, 1.2720779386421452]
[2, -1.4411542731880105, 0.6093362388451932]
[2, -1.4411542731880105, 0.41421356237309503]
[2, -0.4596588155656468, 0.41421356237309503]
[2, -0.4596588155656468, 1.0769552621700471]
[2, -0.4596588155656468, 1.7396969619669993]
[2, -0.4596588155656468, 2.4024386617639513]
[2, -0.4596588155656468, 3.0651803615609032]
[2, -0.4596588155656468, 3.727922061357855]
[2, -0.4596588155656468, 4.390663761154808]
[2, -0.4596588155656468, 4.585786437626905]
[2, 0.5218366420567169, 4.585786437626905]
[2, 0.5218366420567169, 3.923044737829953]
[2, 0.5218366420567169, 3.260303038033001]
[2, 0.5218366420567169, 2.597561338236049]
[2, 0.5218366420567169, 1.9348196384390972]
[2, 0.5218366420567169, 1.2720779386421452]
[2, 0.5218366420567169, 0.6093362388451932]
[2, 0.5218366420567169, 0.41421356237309503]
[2, 1.5033320996790804, 0.41421356237309503]
[2, 1.5033320996790804, 1.0769552621700471]
[2, 1.5033320996790804, 1.7396969619669993]
[2, 1.5033320996790804, 2.4024386617639513]
[2, 1.5033320996790804, 3.0651803615609032]
[2, 1.5033320996790804, 3.727922061357855]
[2, 1.5033320996790804, 4.390663761154808]
[2, 1.5033320996790804, 4.585786437626905]
[2, 2.4226497308103743, 4.585786437626905]
[2, 2.4226497308103743, 3.923044737829953]
[2, 2.4226497308103743, 3.260303038033001]
[2, 2.4226497308103743, 2.597561338236049]
[2, 2.4226497308103743, 1.9348196384390972]
[2, 2.4226497308103743, 1.2720779386421452]
[2, 2.4226497308103743, 0.6093362388451932]
[2, 2.4226497308103743, 0.41421356237309503]
[-2.4226497308103743, -2, 0.41421356237309503]
[-2.4226497308103743, -2, 1.0769552621700471]
[-2.4226497308103743, -2, 1.7396969619669993]
[-2.4226497308103743, -2, 2.4024386617639513]
[-2.4226497308103743, -2, 3.0651803615609032]
[-2.4226497308103743, -2, 3.727922061357855]
[-2.4226497308103743, -2, 4.390663761154808]
[-2.4226497308103743, -2, 4.585786437626905]
[-1.4411542731880105, -2, 4.585786437626905]
[-1.4411542731880105, -2, 3.923044737829953]
[-1.4411542731880105, -2, 3.260303038033001]
[-1.4411542731880105, -2, 2.597561338236049]
[-1.4411542731880105, -2, 1.9348196384390972]
[-1.4411542731880105, -2, 1.2720779386421452]
[-1.4411542731880105, -2, 0.6093362388451932]
[-1.4411542731880105, -2, 0.41421356237309503]
[-0.4596588155656468, -2, 0.41421356237309503]
[-0.4596588155656468, -2, 1.0769552621700471]
[-0.4596588155656468, -2, 1.7396969619669993]
[-0.4596588155656468, -2, 2.4024386617639513]
[-0.4596588155656468, -2, 3.0651803615609032]
[-0.4596588155656468, -2, 3.727922061357855]
[-0.4596588155656468, -2, 4.390663761154808]
[-0.4596588155656468, -2, 4.585786437626905]
[0.5218366420567169, -2, 4.585786437626905]
[0.5218366420567169, -2, 3.923044737829953]
[0.5218366420567169, -2, 3.260303038033001]
[0.5218366420567169, -2, 2.597561338236049]
[0.5218366420567169, -2, 1.9348196384390972]
[0.5218366420567169, -2, 1.2720779386421452]
[0.5218366420567169, -2, 0.6093362388451932]
[0.5218366420567169, -2, 0.41421356237309503]
[1.5033320996790804, -2, 0.41421356237309503]
[1.5033320996790804, -2, 1.0769552621700471]
[1.5033320996790804, -2, 1.7396969619669993]
[1.5033320996790804, -2, 2.4024386617639513]
[1.5033320996790804, -2, 3.0651803615609032]
[1.5033320996790804, -2, 3.727922061357855]
[1.5033320996790804, -2, 4.390663761154808]
[1.5033320996790804, -2, 4.585786437626905]
[2.4226497308103743, -2, 4.585786437626905]
[2.4226497308103743, -2, 3.923044737829953]
[2.4226497308103743, -2, 3.260303038033001]
[2.4226497308103743, -2, 2.597561338236049]
[2.4226497308103743, -2, 1.9348196384390972]
[2.4226497308103743, -2, 1.2720779386421452]
[2.4226497308103743, -2, 0.6093362388451932]
[2.4226497308103743, -2, 0.41421356237309503]
[-2, -2.4226497308103743, 0.41421356237309503]
[-2, -2.4226497308103743, 1.0769552621700471]
[-2, -2.4226497308103743, 1.7396969619669993]
[-2, -2.4226497308103743, 2.4024386617639513]
[-2, -2.4226497308103743, 3.0651803615609032]
[-2, -2.4226497308103743, 3.727922061357855]
[-2, -2.4226497308103743, 4.390663761154808]
[-2, -2.4226497308103743, 4.585786437626905]
[-2, -1.4411542731880105, 4.585786437626905]
[-2, -1.4411542731880105, 3.923044737829953]
[-2, -1.4411542731880105, 3.260303038033001]
[-2, -1.4411542731880105, 2.597561338236049]
[-2, -1.4411542731880105, 1.9348196384390972]
[-2, -1.4411542731880105, 1.2720779386421452]
[-2, -1.4411542731880105, 0.6093362388451932]
[-2, -1.4411542731880105, 0.41421356237309503]
[-2, -0.4596588155656468, 0.41421356237309503]
[-2, -0.4596588155656468, 1.0769552621700471]
[-2, -0.4596588155656468, 1.7396969619669993]
[-2, -0.4596588155656468, 2.4024386617639513]
[-2, -0.4596588155656468, 3.0651803615609032]
[-2, -0.4596588155656468, 3.727922061357855]
[-2, -0.4596588155656468, 4.390663761154808]
[-2, -0.4596588155656468, 4.585786437626905]
[-2, 0.5218366420567169, 4.585786437626905]
[-2, 0.5218366420567169, 3.923044737829953]
[-2, 0.5218366420567169, 3.260303038033001]
[-2, 0.5218366420567169, 2.597561338236049]
[-2, 0.5218366420567169, 1.9348196384390972]
[-2, 0.5218366420567169, 1.2720779386421452]
[-2, 0.5218366420567169, 0.6093362388451932]
[-2, 0.5218366420567169, 0.41421356237309503]
[-2, 1.5033320996790804, 0.41421356237309503]
[-2, 1.5033320996790804, 1.0769552621700471]
[-2, 1.5033320996790804, 1.7396969619669993]
[-2, 1.5033320996790804, 2.4024386617639513]
[-2, 1.5033320996790804, 3.0651803615609032]
[-2, 1.5033320996790804, 3.727922061357855]
[-2, 1.5033320996790804, 4.390663761154808]
[-2, 1.5033320996790804, 4.585786437626905]
[-2, 2.4226497308103743, 4.585786437626905]
[-2, 2.4226497308103743, 3.923044737829953]
[-2, 2.4226497308103743, 3.260303038033001]
[-2, 2.4226497308103743, 2.597561338236049]
[-2, 2.4226497308103743, 1.9348196384390972]
[-2, 2.4226497308103743, 1.2720779386421452]
[-2, 2.4226497308103743, 0.6093362388451932]
[-2, 2.4226497308103743, 0.41421356237309503]
[-2.4226497308103743, 2, 0.41421356237309503]
[-2.4226497308103743, 2, 1.0769552621700471]
[-2.4226497308103743, 2, 1.7396969619669993]
[-2.4226497308103743, 2, 2.4024386617639513]
[-2.4226497308103743, 2, 3.0651803615609032]
[-2.4226497308103743, 2, 3.727922061357855]
[-2.4226497308103743, 2, 4.390663761154808]
[-2.4226497308103743, 2, 4.585786437626905]
[-1.4411542731880105, 2, 4.585786437626905]
[-1.4411542731880105, 2, 3.923044737829953]
[-1.4411542731880105, 2, 3.260303038033001]
[-1.4411542731880105, 2, 2.597561338236049]
[-1.4411542731880105, 2, 1.9348196384390972]
[-1.4411542731880105, 2, 1.2720779386421452]
[-1.4411542731880105, 2, 0.6093362388451932]
[-1.4411542731880105, 2, 0.41421356237309503]
[-0.4596588155656468, 2, 0.41421356237309503]
[-0.4596588155656468, 2, 1.0769552621700471]
[-0.4596588155656468, 2, 1.7396969619669993]
[-0.4596588155656468, 2, 2.4024386617639513]
[-0.4596588155656468, 2, 3.0651803615609032]
[-0.4596588155656468, 2, 3.727922061357855]
[-0.4596588155656468, 2, 4.390663761154808]
[-0.4596588155656468, 2, 4.585786437626905]
[0.5218366420567169, 2, 4.585786437626905]
[0.5218366420567169, 2, 3.923044737829953]
[0.5218366420567169, 2, 3.260303038033001]
[0.5218366420567169, 2, 2.597561338236049]
[0.5218366420567169, 2, 1.9348196384390972]
[0.5218366420567169, 2, 1.2720779386421452]
[0.5218366420567169, 2, 0.6093362388451932]
[0.5218366420567169, 2, 0.41421356237309503]
[1.5033320996790804, 2, 0.41421356237309503]
[1.5033320996790804, 2, 1.0769552621700471]
[1.5033320996790804, 2, 1.7396969619669993]
[1.5033320996790804, 2, 2.4024386617639513]
[1.5033320996790804, 2, 3.0651803615609032]
[1.5033320996790804, 2, 3.727922061357855]
[1.5033320996790804, 2, 4.390663761154808]
[1.5033320996790804, 2, 4.585786437626905]
[2.4226497308103743, 2, 4.585786437626905]
[2.4226497308103743, 2, 3.923044737829953]
[2.4226497308103743, 2, 3.260303038033001]
[2.4226497308103743, 2, 2.597561338236049]
[2.4226497308103743, 2, 1.9348196384390972]
[2.4226497308103743, 2, 1.2720779386421452]
[2.4226497308103743, 2, 0.6093362388451932]
[2.4226497308103743, 2, 0.41421356237309503]
