[-1.4226497308103743, -1.585786437626905, 1]
[-1.4226497308103743, -0.923044737829953, 1]
[-1.4226497308103743, -0.2603030380330009, 1]
[-1.4226497308103743, 0.40243866176395116, 1]
[-1.4226497308103743, 1.0651803615609032, 1]
[-1.4226497308103743, 1.585786437626905, 1]
[-0.4411542731880106, 1.585786437626905, 1]
[-0.4411542731880106, 0.923044737829953, 1]
[-0.4411542731880106, 0.2603030380330009, 1]
[-0.4411542731880106, -0.40243866176395116, 1]
[-0.4411542731880106, -1.0651803615609032, 1]
[-0.4411542731880106, -1.585786437626905, 1]
[0.5403411844343531, -1.585786437626905, 1]
[0.5403411844343531, -0.923044737829953, 1]
[0.5403411844343531, -0.2603030380330009, 1]
[0.5403411844343531, 0.40243866176395116, 1]
[0.5403411844343531, 1.0651803615609032, 1]
[0.5403411844343531, 1.585786437626905, 1]
[1.4226497308103743, 1.585786437626905, 1]
[1.4226497308103743, 0.923044737829953, 1]
[1.4226497308103743, 0.2603030380330009, 1]
[1.4226497308103743, -0.40243866176395116, 1]
[1.4226497308103743, -1.0651803615609032, 1]
[1.4226497308103743, -1.585786437626905, 1]
